image: racetrack_1.pgm
resolution: 0.025000
origin: [-2.127606, -31.471927, 0.000000]
negate: 0
occupied_thresh: 0.65
free_thresh: 0.196

